1.1375 0.0000 0.0000 0.0000 0.0000 0.0000 0.0000 0.0000 0.0000 0.0000
0.0000 0.0000 1.9937 0.0000 0.0000 0.0000 0.0000 1.0013 1.5786 0.0000
0.0000 0.8446 0.0000 1.3721 1.2399 0.7973 1.2442 0.0000 1.6074 0.0000
0.0000 0.8689 0.0000 1.3699 1.2667 0.5080 1.2405 0.0000 1.5715 0.0000
1.1375 0.0000 0.0000 0.0000 0.0000 0.0000 0.0000 0.0000 0.0000 0.0000
0.0000 0.0000 1.9937 0.0000 0.0000 0.0000 0.0000 1.0013 1.5786 0.0000
0.0000 0.8446 0.0000 1.3721 1.2399 0.7973 1.2442 0.0000 1.6074 0.0000
0.0000 0.8689 0.0000 1.3699 1.2667 0.5080 1.2405 0.0000 1.5715 0.0000
1.1375 0.0000 0.0000 0.0000 0.0000 0.0000 0.0000 0.0000 0.0000 0.0000
0.0000 0.0000 1.9937 0.0000 0.0000 0.0000 0.0000 1.0013 1.5786 0.0000
0.0000 0.8446 0.0000 1.3721 1.2399 0.7973 1.2442 0.0000 1.6074 0.0000
0.0000 0.8689 0.0000 1.3699 1.2667 0.5080 1.2405 0.0000 1.5715 0.0000
1.1375 0.0000 0.0000 0.0000 0.0000 0.0000 0.0000 0.0000 0.0000 0.0000
0.0000 0.0000 1.9937 0.0000 0.0000 0.0000 0.0000 1.0013 1.5786 0.0000
0.0000 0.8446 0.0000 1.3721 1.2399 0.7973 1.2442 0.0000 1.6074 0.0000
0.0000 0.8689 0.0000 1.3699 1.2667 0.5080 1.2405 0.0000 1.5715 0.0000
